1926.1542610169377
582.1542610169377
1344
[1, 24, 27, 51, 54, 55, 61, 68, 72, 78, 87, 92, 121, 133, 142, 158, 171, 177, 180, 183, 194, 195, 204, 208, 214, 240, 243, 245, 246, 255, 256, 257, 274, 278, 287, 297, 301, 309, 325, 329, 332, 333, 340, 343, 362, 366, 367, 385, 388, 392, 401, 410, 411, 414, 422, 437, 438, 442, 445, 454, 456, 459, 473, 474, 479, 484, 492, 500]
[1, 61, 385, 454, 243, 437, 240, 78, 278, 422, 287, 1]
[1, 301, 309, 484, 177, 274, 246, 27, 414, 194, 362, 1]
[1, 72, 325, 183, 257, 410, 195, 492, 158, 401, 87, 1]
[1, 133, 333, 445, 68, 329, 366, 332, 180, 214, 392, 1]
[1, 388, 204, 411, 54, 208, 245, 55, 456, 438, 442, 1]
[1, 474, 24, 142, 367, 51, 256, 340, 255, 171, 92, 1]
[1, 297, 121, 479, 473, 459, 500, 343, 1]
